4 0 1 2 3 
5 6 8 9 10 
15 7 11 13 14 
17 12 16 18 20 
25 21 22 23 24 
30 26 27 28 29 
32 31 33 34 35 
19 36 37 39 40 
45 38 41 42 43 
49 44 46 47 48 
53 50 52 54 55 
60 56 57 58 59 
65 61 62 63 64 
51 67 68 69 70 
75 71 72 73 74 
80 76 77 78 79 
85 66 81 82 83 
89 84 86 87 88 
93 90 91 92 94 
100 95 96 97 98 
105 101 102 103 104 
99 106 107 108 109 
115 111 112 113 114 
120 110 116 117 118 
125 119 121 122 124 
131 123 126 127 128 
134 129 130 132 133 
139 135 136 137 138 
145 140 141 142 143 
149 144 146 147 148 
155 150 151 153 154 
157 152 156 158 159 
163 160 161 162 164 
169 165 166 167 168 
175 170 171 172 173 
174 176 177 178 179 
184 180 181 182 183 
185 186 188 189 190 
187 191 193 195 196 
201 192 194 197 198 
205 200 202 204 206 
211 199 203 207 208 
214 209 210 212 213 
221 216 217 218 220 
228 222 224 225 226 
215 219 223 227 229 
235 231 232 233 234 
237 230 236 238 239 
245 240 241 242 243 
249 244 246 247 248 
253 250 251 252 254 
261 256 257 258 260 
255 259 262 263 265 
269 264 266 267 268 
273 270 271 272 274 
281 276 277 278 280 
275 279 282 283 284 
289 285 286 287 288 
293 290 292 294 295 
